1.02879;5.39578e-17;1.19311
1.0291;0.00110101;1.19311
1.02958;0.0028202;1.19311
1.03015;0.00489141;1.19311
1.03079;0.00723149;1.19311
1.03147;0.00979479;1.19311
1.0322;0.0125516;1.19311
1.03297;0.0154804;1.19311
1.03377;0.0185651;1.19311
1.0346;0.0217926;1.19311
1.03545;0.0251524;1.19311
1.03632;0.0286356;1.19311
1.03722;0.0322344;1.19311
1.03814;0.0359422;1.19311
1.03907;0.0397532;1.19311
1.04002;0.043662;1.19311
1.04099;0.0476641;1.19311
1.04197;0.0517549;1.19311
1.04296;0.0559308;1.19311
1.04397;0.0601879;1.19311
1.04499;0.0645231;1.19311
1.04602;0.0689331;1.19311
1.04706;0.073415;1.19311
1.04812;0.0779662;1.19311
1.04918;0.082584;1.19311
1.05026;0.087266;1.19311
1.05134;0.0920099;1.19311
1.05243;0.0968135;1.19311
1.05354;0.101675;1.19311
1.05465;0.106592;1.19311
1.05577;0.111562;1.19311
1.0569;0.116585;1.19311
1.05804;0.121657;1.19311
1.05919;0.126778;1.19311
1.06035;0.131946;1.19311
1.06151;0.137159;1.19311
1.06268;0.142415;1.19311
1.06387;0.147714;1.19311
1.06506;0.153053;1.19311
1.06625;0.158432;1.19311
1.06746;0.163849;1.19311
1.06867;0.169302;1.19311
1.0699;0.174791;1.19311
1.07113;0.180314;1.19311
1.07237;0.18587;1.19311
1.07362;0.191458;1.19311
1.07487;0.197076;1.19311
1.07614;0.202724;1.19311
1.07741;0.2084;1.19311
1.07869;0.214103;1.19311
1.07998;0.219833;1.19311
1.08128;0.225587;1.19311
1.08259;0.231366;1.19311
1.0839;0.237168;1.19311
1.08523;0.242993;1.19311
1.08656;0.248838;1.19311
1.0879;0.254704;1.19311
1.08925;0.260589;1.19311
1.09061;0.266493;1.19311
1.09198;0.272414;1.19311
1.09336;0.278352;1.19311
1.09474;0.284305;1.19311
1.09614;0.290274;1.19311
1.09754;0.296257;1.19311
1.09895;0.302253;1.19311
1.10037;0.308262;1.19311
1.1018;0.314283;1.19311
1.10324;0.320314;1.19311
1.10469;0.326356;1.19311
1.10615;0.332408;1.19311
1.10762;0.338468;1.19311
1.10909;0.344536;1.19311
1.11058;0.350611;1.19311
1.11207;0.356693;1.19311
1.11357;0.362781;1.19311
1.11508;0.368874;1.19311
1.1166;0.374972;1.19311
1.11813;0.381074;1.19311
1.11967;0.387179;1.19311
1.12122;0.393286;1.19311
1.12278;0.399395;1.19311
1.12434;0.405506;1.19311
1.12592;0.411618;1.19311
1.1275;0.417729;1.19311
1.12909;0.42384;1.19311
1.13069;0.429951;1.19311
1.1323;0.436059;1.19311
1.13392;0.442165;1.19311
1.13554;0.448269;1.19311
1.13718;0.454369;1.19311
1.13882;0.460465;1.19311
1.14047;0.466557;1.19311
1.14213;0.472644;1.19311
1.14379;0.478726;1.19311
1.14547;0.484802;1.19311
1.14715;0.490871;1.19311
1.14884;0.496933;1.19311
1.15054;0.502988;1.19311
1.15224;0.509035;1.19311
1.15396;0.515073;1.19311
1.15568;0.521103;1.19311
1.1574;0.527123;1.19311
1.15914;0.533133;1.19311
1.16088;0.539133;1.19311
1.16262;0.545123;1.19311
1.16438;0.551101;1.19311
1.16614;0.557068;1.19311
1.1679;0.563023;1.19311
1.16967;0.568966;1.19311
1.17145;0.574895;1.19311
1.17323;0.580812;1.19311
1.17502;0.586715;1.19311
1.17681;0.592604;1.19311
1.17861;0.598478;1.19311
1.18042;0.604338;1.19311
1.18222;0.610182;1.19311
1.18403;0.616011;1.19311
1.18585;0.621825;1.19311
1.18767;0.627621;1.19311
1.18949;0.633402;1.19311
1.19132;0.639165;1.19311
1.19315;0.644911;1.19311
1.19498;0.650639;1.19311
1.19682;0.656349;1.19311
1.19866;0.662041;1.19311
1.2005;0.667714;1.19311
1.20234;0.673368;1.19311
1.20418;0.679003;1.19311
1.20603;0.684618;1.19311
1.20788;0.690213;1.19311
1.20972;0.695788;1.19311
1.21157;0.701342;1.19311
1.21342;0.706875;1.19311
1.21527;0.712387;1.19311
1.21711;0.717877;1.19311
1.21896;0.723345;1.19311
1.22081;0.728791;1.19311
1.22265;0.734215;1.19311
1.2245;0.739616;1.19311
1.22634;0.744993;1.19311
1.22818;0.750347;1.19311
1.23001;0.755677;1.19311
1.23185;0.760984;1.19311
1.23368;0.766265;1.19311
1.2355;0.771522;1.19311
1.23733;0.776755;1.19311
1.23915;0.781961;1.19311
1.24096;0.787143;1.19311
1.24277;0.792298;1.19311
1.24457;0.797427;1.19311
1.24637;0.802529;1.19311
1.24817;0.807605;1.19311
1.24995;0.812653;1.19311
1.25173;0.817674;1.19311
1.2535;0.822667;1.19311
1.25527;0.827632;1.19311
1.25702;0.832569;1.19311
1.25877;0.837476;1.19311
1.26051;0.842354;1.19311
1.26224;0.847203;1.19311
1.26397;0.852022;1.19311
1.26568;0.85681;1.19311
1.26738;0.861568;1.19311
1.26907;0.866294;1.19311
1.27075;0.87099;1.19311
1.27242;0.875653;1.19311
1.27407;0.880284;1.19311
1.27572;0.884882;1.19311
1.27735;0.889448;1.19311
1.27896;0.893979;1.19311
1.28057;0.898477;1.19311
1.28216;0.90294;1.19311
1.28373;0.907369;1.19311
1.28529;0.911761;1.19311
1.28684;0.916118;1.19311
1.28837;0.920438;1.19311
1.28988;0.924722;1.19311
1.29138;0.928967;1.19311
1.29286;0.933174;1.19311
1.29432;0.937343;1.19311
1.29576;0.941472;1.19311
1.29719;0.94556;1.19311
1.29859;0.949608;1.19311
1.29998;0.953615;1.19311
1.30134;0.957579;1.19311
1.30269;0.961499;1.19311
1.30401;0.965376;1.19311
1.30531;0.969208;1.19311
1.3066;0.972995;1.19311
1.30785;0.976735;1.19311
1.30909;0.980427;1.19311
1.3103;0.98407;1.19311
1.31149;0.987663;1.19311
1.31265;0.991206;1.19311
1.31379;0.994696;1.19311
1.3149;0.998133;1.19311
1.31599;1.00151;1.19311
1.31704;1.00484;1.19311
1.31808;1.00811;1.19311
1.31908;1.01132;1.19311
1.32006;1.01446;1.19311
1.321;1.01755;1.19311
1.32192;1.02056;1.19311
1.3228;1.02351;1.19311
1.32366;1.02639;1.19311
1.32448;1.0292;1.19311
1.32527;1.03193;1.19311
1.32603;1.03459;1.19311
1.32676;1.03716;1.19311
1.32745;1.03964;1.19311
1.3281;1.04204;1.19311
1.32872;1.04433;1.19311
1.3293;1.04653;1.19311
1.32984;1.04862;1.19311
1.33035;1.0506;1.19311
1.33081;1.05245;1.19311
1.33123;1.05416;1.19311
1.3316;1.05573;1.19311
1.33192;1.05713;1.19311
1.33219;1.05833;1.19311
1.33241;1.05929;1.19311
1.33254;1.05991;1.19311
1.33255;1.05997;1.19311
1.33265;1.06046;1.19311
1.33282;1.06136;1.19311
1.33304;1.06251;1.19311
1.33328;1.06387;1.19311
1.33354;1.06541;1.19311
1.33382;1.06711;1.19311
1.33411;1.06894;1.19311
1.33441;1.07091;1.19311
1.33471;1.073;1.19311
1.33502;1.07519;1.19311
1.33532;1.07749;1.19311
1.33563;1.07989;1.19311
1.33594;1.08238;1.19311
1.33624;1.08496;1.19311
1.33654;1.08762;1.19311
1.33684;1.09036;1.19311
1.33713;1.09317;1.19311
1.33741;1.09606;1.19311
1.33769;1.09901;1.19311
1.33796;1.10203;1.19311
1.33823;1.10511;1.19311
1.33848;1.10825;1.19311
1.33873;1.11145;1.19311
1.33898;1.1147;1.19311
1.33921;1.11801;1.19311
1.33943;1.12137;1.19311
1.33965;1.12477;1.19311
1.33986;1.12823;1.19311
1.34005;1.13172;1.19311
1.34024;1.13527;1.19311
1.34042;1.13885;1.19311
1.3406;1.14248;1.19311
1.34076;1.14614;1.19311
1.34091;1.14984;1.19311
1.34106;1.15358;1.19311
1.34119;1.15735;1.19311
1.34132;1.16115;1.19311
1.34144;1.16499;1.19311
1.34155;1.16886;1.19311
1.34165;1.17276;1.19311
1.34174;1.17668;1.19311
1.34182;1.18064;1.19311
1.3419;1.18462;1.19311
1.34196;1.18862;1.19311
1.34202;1.19265;1.19311
1.34207;1.19671;1.19311
1.34211;1.20078;1.19311
1.34215;1.20488;1.19311
1.34217;1.209;1.19311
1.34219;1.21314;1.19311
1.3422;1.21729;1.19311
1.3422;1.22147;1.19311
1.3422;1.22566;1.19311
1.34219;1.22986;1.19311
1.34217;1.23408;1.19311
1.34214;1.23832;1.19311
1.34211;1.24257;1.19311
1.34207;1.24683;1.19311
1.34202;1.25111;1.19311
1.34196;1.25539;1.19311
1.3419;1.25969;1.19311
1.34184;1.264;1.19311
1.34176;1.26831;1.19311
1.34168;1.27264;1.19311
1.34159;1.27697;1.19311
1.3415;1.28131;1.19311
1.3414;1.28566;1.19311
1.3413;1.29001;1.19311
1.34118;1.29436;1.19311
1.34107;1.29872;1.19311
1.34094;1.30308;1.19311
1.34081;1.30745;1.19311
1.34068;1.31182;1.19311
1.34053;1.31619;1.19311
1.34039;1.32056;1.19311
1.34023;1.32493;1.19311
1.34008;1.3293;1.19311
1.33991;1.33367;1.19311
1.33974;1.33804;1.19311
1.33956;1.3424;1.19311
1.33938;1.34677;1.19311
1.3392;1.35113;1.19311
1.339;1.35548;1.19311
1.3388;1.35983;1.19311
1.3386;1.36417;1.19311
1.33839;1.36851;1.19311
1.33817;1.37284;1.19311
1.33795;1.37716;1.19311
1.33773;1.38147;1.19311
1.33749;1.38578;1.19311
1.33726;1.39007;1.19311
1.33701;1.39435;1.19311
1.33676;1.39863;1.19311
1.33651;1.40289;1.19311
1.33625;1.40714;1.19311
1.33598;1.41137;1.19311
1.33571;1.41559;1.19311
1.33543;1.4198;1.19311
1.33515;1.42399;1.19311
1.33486;1.42816;1.19311
1.33456;1.43232;1.19311
1.33426;1.43646;1.19311
1.33395;1.44058;1.19311
1.33363;1.44468;1.19311
1.33331;1.44877;1.19311
1.33299;1.45283;1.19311
1.33265;1.45687;1.19311
1.33232;1.46088;1.19311
1.33197;1.46488;1.19311
1.33162;1.46884;1.19311
1.33126;1.47279;1.19311
1.3309;1.47671;1.19311
1.33053;1.4806;1.19311
1.33015;1.48446;1.19311
1.32977;1.48829;1.19311
1.32938;1.49209;1.19311
1.32898;1.49586;1.19311
1.32858;1.4996;1.19311
1.32817;1.50331;1.19311
1.32776;1.50698;1.19311
1.32734;1.51062;1.19311
1.32691;1.51422;1.19311
1.32648;1.51778;1.19311
1.32604;1.5213;1.19311
1.3256;1.52479;1.19311
1.32515;1.52823;1.19311
1.3247;1.53162;1.19311
1.32424;1.53498;1.19311
1.32377;1.53828;1.19311
1.3233;1.54154;1.19311
1.32283;1.54475;1.19311
1.32235;1.54791;1.19311
1.32186;1.55102;1.19311
1.32138;1.55407;1.19311
1.32089;1.55706;1.19311
1.32039;1.56;1.19311
1.3199;1.56287;1.19311
1.3194;1.56568;1.19311
1.31891;1.56843;1.19311
1.31841;1.57111;1.19311
1.31791;1.57372;1.19311
1.31741;1.57625;1.19311
1.31692;1.57871;1.19311
1.31643;1.58108;1.19311
1.31595;1.58337;1.19311
1.31547;1.58558;1.19311
1.31499;1.58769;1.19311
1.31453;1.5897;1.19311
1.31408;1.59161;1.19311
1.31365;1.59341;1.19311
1.31323;1.59509;1.19311
1.31283;1.59664;1.19311
1.31246;1.59805;1.19311
1.31212;1.5993;1.19311
1.31182;1.60038;1.19311
1.31157;1.60126;1.19311
1.31139;1.60186;1.19311
1.31135;1.602;1.19311
1.31123;1.60239;1.19311
1.311;1.60313;1.19311
1.31068;1.6041;1.19311
1.3103;1.60525;1.19311
1.30986;1.60656;1.19311
1.30937;1.60801;1.19311
1.30882;1.60958;1.19311
1.30823;1.61127;1.19311
1.30759;1.61307;1.19311
1.30691;1.61497;1.19311
1.30618;1.61696;1.19311
1.30541;1.61904;1.19311
1.30461;1.6212;1.19311
1.30377;1.62345;1.19311
1.30289;1.62576;1.19311
1.30197;1.62816;1.19311
1.30102;1.63062;1.19311
1.30004;1.63315;1.19311
1.29903;1.63574;1.19311
1.29799;1.63839;1.19311
1.29691;1.64111;1.19311
1.29581;1.64388;1.19311
1.29468;1.64671;1.19311
1.29352;1.6496;1.19311
1.29234;1.65254;1.19311
1.29113;1.65553;1.19311
1.28989;1.65856;1.19311
1.28864;1.66165;1.19311
1.28736;1.66479;1.19311
1.28605;1.66797;1.19311
1.28473;1.6712;1.19311
1.28339;1.67448;1.19311
1.28202;1.67779;1.19311
1.28064;1.68115;1.19311
1.27923;1.68456;1.19311
1.27781;1.688;1.19311
1.27638;1.69148;1.19311
1.27492;1.69501;1.19311
1.27345;1.69857;1.19311
1.27197;1.70217;1.19311
1.27047;1.70581;1.19311
1.26895;1.70949;1.19311
1.26743;1.7132;1.19311
1.26589;1.71695;1.19311
1.26434;1.72073;1.19311
1.26277;1.72455;1.19311
1.2612;1.72841;1.19311
1.25962;1.7323;1.19311
1.25802;1.73622;1.19311
1.25642;1.74018;1.19311
1.25481;1.74416;1.19311
1.25319;1.74819;1.19311
1.25156;1.75224;1.19311
1.24993;1.75633;1.19311
1.24829;1.76044;1.19311
1.24664;1.76459;1.19311
1.24499;1.76877;1.19311
1.24333;1.77298;1.19311
1.24167;1.77722;1.19311
1.24001;1.78149;1.19311
1.23834;1.7858;1.19311
1.23667;1.79013;1.19311
1.235;1.79449;1.19311
1.23332;1.79888;1.19311
1.23165;1.80329;1.19311
1.22997;1.80774;1.19311
1.22829;1.81222;1.19311
1.22662;1.81672;1.19311
1.22494;1.82125;1.19311
1.22327;1.82581;1.19311
1.22159;1.8304;1.19311
1.21992;1.83501;1.19311
1.21825;1.83966;1.19311
1.21658;1.84432;1.19311
1.21492;1.84902;1.19311
1.21326;1.85374;1.19311
1.2116;1.85849;1.19311
1.20995;1.86327;1.19311
1.20831;1.86807;1.19311
1.20667;1.8729;1.19311
1.20503;1.87776;1.19311
1.2034;1.88264;1.19311
1.20178;1.88754;1.19311
1.20017;1.89247;1.19311
1.19856;1.89743;1.19311
1.19696;1.90241;1.19311
1.19537;1.90742;1.19311
1.19378;1.91245;1.19311
1.19221;1.91751;1.19311
1.19064;1.92259;1.19311
1.18909;1.92769;1.19311
1.18754;1.93282;1.19311
1.18601;1.93798;1.19311
1.18448;1.94315;1.19311
1.18297;1.94835;1.19311
1.18147;1.95358;1.19311
1.17998;1.95883;1.19311
1.1785;1.9641;1.19311
1.17703;1.96939;1.19311
1.17558;1.97471;1.19311
1.17414;1.98005;1.19311
1.17271;1.98542;1.19311
1.1713;1.9908;1.19311
1.1699;1.99621;1.19311
1.16852;2.00164;1.19311
1.16715;2.00709;1.19311
1.1658;2.01256;1.19311
1.16446;2.01806;1.19311
1.16314;2.02358;1.19311
1.16183;2.02911;1.19311
1.16054;2.03467;1.19311
1.15926;2.04025;1.19311
1.15801;2.04585;1.19311
1.15676;2.05147;1.19311
1.15554;2.05712;1.19311
1.15434;2.06278;1.19311
1.15315;2.06846;1.19311
1.15198;2.07416;1.19311
1.15083;2.07988;1.19311
1.14969;2.08562;1.19311
1.14858;2.09138;1.19311
1.14748;2.09716;1.19311
1.14641;2.10295;1.19311
1.14535;2.10877;1.19311
1.14431;2.1146;1.19311
1.1433;2.12045;1.19311
1.1423;2.12632;1.19311
1.14133;2.1322;1.19311
1.14037;2.13811;1.19311
1.13943;2.14403;1.19311
1.13852;2.14997;1.19311
1.13763;2.15592;1.19311
1.13676;2.16189;1.19311
1.13591;2.16787;1.19311
1.13508;2.17388;1.19311
1.13427;2.17989;1.19311
1.13349;2.18593;1.19311
1.13272;2.19197;1.19311
1.13198;2.19804;1.19311
1.13126;2.20411;1.19311
1.13057;2.2102;1.19311
1.1299;2.21631;1.19311
1.12925;2.22242;1.19311
1.12862;2.22856;1.19311
1.12801;2.2347;1.19311
1.12743;2.24086;1.19311
1.12687;2.24703;1.19311
1.12634;2.25321;1.19311
1.12582;2.2594;1.19311
1.12534;2.26561;1.19311
1.12487;2.27182;1.19311
1.12443;2.27805;1.19311
1.12401;2.28429;1.19311
1.12361;2.29054;1.19311
1.12324;2.2968;1.19311
1.12289;2.30306;1.19311
1.12257;2.30934;1.19311
1.12226;2.31563;1.19311
1.12198;2.32192;1.19311
1.12173;2.32822;1.19311
1.1215;2.33454;1.19311
1.12129;2.34085;1.19311
1.1211;2.34718;1.19311
1.12094;2.35351;1.19311
1.1208;2.35985;1.19311
1.12068;2.3662;1.19311
1.12059;2.37255;1.19311
1.12052;2.37891;1.19311
1.12047;2.38527;1.19311
1.12045;2.39164;1.19311
1.12044;2.39801;1.19311
1.12046;2.40438;1.19311
1.1205;2.41076;1.19311
1.12057;2.41715;1.19311
1.12065;2.42353;1.19311
1.12076;2.42992;1.19311
1.12088;2.43631;1.19311
1.12103;2.4427;1.19311
1.1212;2.4491;1.19311
1.12139;2.45549;1.19311
1.1216;2.46189;1.19311
1.12183;2.46828;1.19311
1.12208;2.47468;1.19311
1.12235;2.48107;1.19311
1.12264;2.48747;1.19311
1.12294;2.49386;1.19311
1.12327;2.50025;1.19311
1.12361;2.50664;1.19311
1.12397;2.51302;1.19311
1.12434;2.5194;1.19311
1.12474;2.52578;1.19311
1.12515;2.53216;1.19311
1.12557;2.53853;1.19311
1.12601;2.54489;1.19311
1.12647;2.55125;1.19311
1.12694;2.5576;1.19311
1.12742;2.56394;1.19311
1.12791;2.57028;1.19311
1.12842;2.57661;1.19311
1.12894;2.58293;1.19311
1.12947;2.58925;1.19311
1.13002;2.59555;1.19311
1.13057;2.60184;1.19311
1.13113;2.60812;1.19311
1.1317;2.61439;1.19311
1.13227;2.62065;1.19311
1.13286;2.6269;1.19311
1.13345;2.63313;1.19311
1.13404;2.63935;1.19311
1.13464;2.64555;1.19311
1.13525;2.65174;1.19311
1.13586;2.65791;1.19311
1.13646;2.66406;1.19311
1.13707;2.67019;1.19311
1.13768;2.67631;1.19311
1.13829;2.6824;1.19311
1.1389;2.68847;1.19311
1.1395;2.69452;1.19311
1.1401;2.70055;1.19311
1.1407;2.70655;1.19311
1.14129;2.71253;1.19311
1.14187;2.71847;1.19311
1.14244;2.72439;1.19311
1.143;2.73028;1.19311
1.14355;2.73614;1.19311
1.1441;2.74196;1.19311
1.14462;2.74775;1.19311
1.14513;2.7535;1.19311
1.14563;2.75921;1.19311
1.14611;2.76488;1.19311
1.14657;2.77051;1.19311
1.14701;2.77609;1.19311
1.14744;2.78163;1.19311
1.14784;2.78711;1.19311
1.14821;2.79254;1.19311
1.14856;2.79791;1.19311
1.14889;2.80323;1.19311
1.14919;2.80848;1.19311
1.14946;2.81366;1.19311
1.1497;2.81877;1.19311
1.14991;2.8238;1.19311
1.15008;2.82876;1.19311
1.15023;2.83362;1.19311
1.15034;2.8384;1.19311
1.15042;2.84308;1.19311
1.15047;2.84765;1.19311
1.15048;2.85211;1.19311
1.15045;2.85645;1.19311
1.15039;2.86065;1.19311
1.1503;2.86471;1.19311
1.15017;2.86862;1.19311
1.15001;2.87235;1.19311
1.14982;2.87589;1.19311
1.14961;2.87922;1.19311
1.14938;2.8823;1.19311
1.14913;2.88509;1.19311
1.14888;2.88754;1.19311
1.14864;2.88953;1.19311
1.14849;2.89069;1.19311
1.14831;2.89192;1.19311
1.148;2.8939;1.19311
1.1476;2.89629;1.19311
1.14714;2.899;1.19311
1.14661;2.90196;1.19311
1.14603;2.90512;1.19311
1.1454;2.90847;1.19311
1.14473;2.91198;1.19311
1.14402;2.91563;1.19311
1.14327;2.91941;1.19311
1.14249;2.9233;1.19311
1.14168;2.92731;1.19311
1.14084;2.93141;1.19311
1.13997;2.9356;1.19311
1.13909;2.93987;1.19311
1.13818;2.94423;1.19311
1.13725;2.94865;1.19311
1.13631;2.95315;1.19311
1.13535;2.95772;1.19311
1.13438;2.96234;1.19311
1.1334;2.96702;1.19311
1.13241;2.97176;1.19311
1.13141;2.97656;1.19311
1.1304;2.9814;1.19311
1.12939;2.98629;1.19311
1.12838;2.99123;1.19311
1.12736;2.99621;1.19311
1.12634;3.00123;1.19311
1.12533;3.0063;1.19311
1.12431;3.0114;1.19311
1.12329;3.01654;1.19311
1.12228;3.02171;1.19311
1.12127;3.02693;1.19311
1.12027;3.03217;1.19311
1.11927;3.03745;1.19311
1.11828;3.04275;1.19311
1.1173;3.04809;1.19311
1.11632;3.05346;1.19311
1.11536;3.05885;1.19311
1.1144;3.06427;1.19311
1.11346;3.06972;1.19311
1.11253;3.07519;1.19311
1.1116;3.08069;1.19311
1.1107;3.08621;1.19311
1.1098;3.09176;1.19311
1.10892;3.09732;1.19311
1.10806;3.10291;1.19311
1.10721;3.10852;1.19311
1.10637;3.11415;1.19311
1.10555;3.1198;1.19311
1.10475;3.12547;1.19311
1.10397;3.13116;1.19311
1.1032;3.13686;1.19311
1.10245;-3.1406;1.19311
1.10172;-3.13487;1.19311
1.10101;-3.12911;1.19311
1.10032;-3.12334;1.19311
1.09965;-3.11756;1.19311
1.099;-3.11176;1.19311
1.09837;-3.10595;1.19311
1.09776;-3.10012;1.19311
1.09717;-3.09428;1.19311
1.09661;-3.08843;1.19311
1.09606;-3.08257;1.19311
1.09554;-3.07669;1.19311
1.09504;-3.07081;1.19311
1.09456;-3.06491;1.19311
1.09411;-3.05901;1.19311
1.09368;-3.05309;1.19311
1.09327;-3.04717;1.19311
1.09289;-3.04123;1.19311
1.09253;-3.03529;1.19311
1.0922;-3.02934;1.19311
1.09189;-3.02339;1.19311
1.0916;-3.01743;1.19311
1.09134;-3.01146;1.19311
1.0911;-3.00549;1.19311
1.09089;-2.99951;1.19311
1.09071;-2.99352;1.19311
1.09055;-2.98753;1.19311
1.09041;-2.98154;1.19311
1.09031;-2.97554;1.19311
1.09022;-2.96954;1.19311
1.09017;-2.96354;1.19311
1.09013;-2.95754;1.19311
1.09013;-2.95153;1.19311
1.09015;-2.94552;1.19311
1.0902;-2.93951;1.19311
1.09027;-2.9335;1.19311
1.09037;-2.92749;1.19311
1.0905;-2.92148;1.19311
1.09065;-2.91547;1.19311
1.09083;-2.90946;1.19311
1.09104;-2.90345;1.19311
1.09127;-2.89745;1.19311
1.09153;-2.89144;1.19311
1.09182;-2.88544;1.19311
1.09213;-2.87944;1.19311
1.09247;-2.87345;1.19311
1.09284;-2.86746;1.19311
1.09323;-2.86147;1.19311
1.09365;-2.85549;1.19311
1.09409;-2.84951;1.19311
1.09456;-2.84354;1.19311
1.09506;-2.83757;1.19311
1.09559;-2.83161;1.19311
1.09614;-2.82566;1.19311
1.09671;-2.81971;1.19311
1.09732;-2.81377;1.19311
1.09794;-2.80783;1.19311
1.0986;-2.80191;1.19311
1.09928;-2.79599;1.19311
1.09999;-2.79008;1.19311
1.10072;-2.78418;1.19311
1.10147;-2.77829;1.19311
1.10226;-2.77241;1.19311
1.10306;-2.76654;1.19311
1.1039;-2.76067;1.19311
1.10476;-2.75482;1.19311
1.10564;-2.74898;1.19311
1.10655;-2.74315;1.19311
1.10748;-2.73733;1.19311
1.10843;-2.73153;1.19311
1.10941;-2.72573;1.19311
1.11042;-2.71995;1.19311
1.11145;-2.71418;1.19311
1.1125;-2.70843;1.19311
1.11357;-2.70269;1.19311
1.11467;-2.69696;1.19311
1.11579;-2.69124;1.19311
1.11694;-2.68554;1.19311
1.1181;-2.67986;1.19311
1.11929;-2.67418;1.19311
1.12051;-2.66853;1.19311
1.12174;-2.66289;1.19311
1.12299;-2.65726;1.19311
1.12427;-2.65165;1.19311
1.12557;-2.64606;1.19311
1.12689;-2.64048;1.19311
1.12822;-2.63492;1.19311
1.12958;-2.62938;1.19311
1.13096;-2.62385;1.19311
1.13236;-2.61834;1.19311
1.13378;-2.61285;1.19311
1.13522;-2.60738;1.19311
1.13667;-2.60193;1.19311
1.13815;-2.59649;1.19311
1.13964;-2.59107;1.19311
1.14115;-2.58568;1.19311
1.14268;-2.5803;1.19311
1.14423;-2.57494;1.19311
1.14579;-2.5696;1.19311
1.14737;-2.56428;1.19311
1.14897;-2.55898;1.19311
1.15058;-2.5537;1.19311
1.15221;-2.54844;1.19311
1.15385;-2.54321;1.19311
1.15551;-2.53799;1.19311
1.15718;-2.5328;1.19311
1.15886;-2.52762;1.19311
1.16056;-2.52247;1.19311
1.16227;-2.51734;1.19311
1.164;-2.51224;1.19311
1.16573;-2.50716;1.19311
1.16748;-2.5021;1.19311
1.16924;-2.49706;1.19311
1.17101;-2.49205;1.19311
1.17279;-2.48706;1.19311
1.17458;-2.4821;1.19311
1.17638;-2.47716;1.19311
1.17819;-2.47224;1.19311
1.18;-2.46735;1.19311
1.18183;-2.46249;1.19311
1.18366;-2.45765;1.19311
1.1855;-2.45284;1.19311
1.18734;-2.44805;1.19311
1.18919;-2.4433;1.19311
1.19104;-2.43857;1.19311
1.1929;-2.43386;1.19311
1.19476;-2.42919;1.19311
1.19662;-2.42455;1.19311
1.19849;-2.41993;1.19311
1.20035;-2.41535;1.19311
1.20222;-2.41079;1.19311
1.20408;-2.40627;1.19311
1.20595;-2.40178;1.19311
1.20781;-2.39732;1.19311
1.20967;-2.39289;1.19311
1.21152;-2.3885;1.19311
1.21337;-2.38415;1.19311
1.21522;-2.37983;1.19311
1.21706;-2.37555;1.19311
1.21888;-2.3713;1.19311
1.2207;-2.3671;1.19311
1.22251;-2.36294;1.19311
1.22431;-2.35882;1.19311
1.22609;-2.35475;1.19311
1.22785;-2.35072;1.19311
1.2296;-2.34674;1.19311
1.23133;-2.34282;1.19311
1.23304;-2.33895;1.19311
1.23473;-2.33514;1.19311
1.23639;-2.33139;1.19311
1.23802;-2.3277;1.19311
1.23961;-2.32409;1.19311
1.24117;-2.32056;1.19311
1.24269;-2.31712;1.19311
1.24416;-2.31378;1.19311
1.24558;-2.31056;1.19311
1.24693;-2.30747;1.19311
1.2482;-2.30455;1.19311
1.24936;-2.30186;1.19311
1.25037;-2.29952;1.19311
1.25076;-2.29859;1.19311
1.25157;-2.29665;1.19311
1.25262;-2.2941;1.19311
1.25377;-2.29126;1.19311
1.25498;-2.28822;1.19311
1.25624;-2.28502;1.19311
1.25754;-2.28169;1.19311
1.25887;-2.27825;1.19311
1.26023;-2.27472;1.19311
1.2616;-2.2711;1.19311
1.26299;-2.26741;1.19311
1.2644;-2.26365;1.19311
1.26582;-2.25983;1.19311
1.26725;-2.25595;1.19311
1.26869;-2.25203;1.19311
1.27013;-2.24806;1.19311
1.27159;-2.24405;1.19311
1.27305;-2.24;1.19311
1.27452;-2.23592;1.19311
1.27599;-2.23181;1.19311
1.27747;-2.22767;1.19311
1.27895;-2.2235;1.19311
1.28044;-2.21931;1.19311
1.28193;-2.21509;1.19311
1.28343;-2.21085;1.19311
1.28493;-2.2066;1.19311
1.28643;-2.20233;1.19311
1.28793;-2.19804;1.19311
1.28944;-2.19374;1.19311
1.29094;-2.18943;1.19311
1.29246;-2.1851;1.19311
1.29397;-2.18077;1.19311
1.29548;-2.17643;1.19311
1.297;-2.17208;1.19311
1.29852;-2.16772;1.19311
1.30004;-2.16336;1.19311
1.30156;-2.159;1.19311
1.30308;-2.15463;1.19311
1.3046;-2.15026;1.19311
1.30612;-2.14588;1.19311
1.30765;-2.14151;1.19311
1.30917;-2.13714;1.19311
1.3107;-2.13277;1.19311
1.31222;-2.12839;1.19311
1.31375;-2.12403;1.19311
1.31527;-2.11966;1.19311
1.3168;-2.1153;1.19311
1.31833;-2.11094;1.19311
1.31985;-2.10659;1.19311
1.32138;-2.10225;1.19311
1.3229;-2.09791;1.19311
1.32443;-2.09358;1.19311
1.32595;-2.08925;1.19311
1.32747;-2.08494;1.19311
1.32899;-2.08063;1.19311
1.33051;-2.07633;1.19311
1.33202;-2.07204;1.19311
1.33354;-2.06777;1.19311
1.33505;-2.0635;1.19311
1.33656;-2.05925;1.19311
1.33807;-2.055;1.19311
1.33958;-2.05077;1.19311
1.34108;-2.04655;1.19311
1.34258;-2.04235;1.19311
1.34407;-2.03816;1.19311
1.34556;-2.03399;1.19311
1.34705;-2.02982;1.19311
1.34853;-2.02568;1.19311
1.35001;-2.02155;1.19311
1.35149;-2.01744;1.19311
1.35296;-2.01334;1.19311
1.35442;-2.00926;1.19311
1.35588;-2.0052;1.19311
1.35733;-2.00116;1.19311
1.35877;-1.99713;1.19311
1.36021;-1.99313;1.19311
1.36164;-1.98914;1.19311
1.36306;-1.98518;1.19311
1.36448;-1.98123;1.19311
1.36589;-1.97731;1.19311
1.36729;-1.97341;1.19311
1.36868;-1.96953;1.19311
1.37006;-1.96567;1.19311
1.37143;-1.96184;1.19311
1.37279;-1.95803;1.19311
1.37414;-1.95424;1.19311
1.37548;-1.95048;1.19311
1.37681;-1.94674;1.19311
1.37812;-1.94303;1.19311
1.37943;-1.93935;1.19311
1.38072;-1.93569;1.19311
1.382;-1.93206;1.19311
1.38326;-1.92845;1.19311
1.38451;-1.92488;1.19311
1.38575;-1.92134;1.19311
1.38697;-1.91782;1.19311
1.38818;-1.91434;1.19311
1.38937;-1.91088;1.19311
1.39054;-1.90746;1.19311
1.3917;-1.90407;1.19311
1.39284;-1.90072;1.19311
1.39396;-1.8974;1.19311
1.39506;-1.89411;1.19311
1.39615;-1.89086;1.19311
1.39721;-1.88765;1.19311
1.39826;-1.88447;1.19311
1.39928;-1.88133;1.19311
1.40029;-1.87823;1.19311
1.40127;-1.87518;1.19311
1.40223;-1.87216;1.19311
1.40316;-1.86918;1.19311
1.40408;-1.86625;1.19311
1.40497;-1.86336;1.19311
1.40584;-1.86052;1.19311
1.40668;-1.85772;1.19311
1.4075;-1.85497;1.19311
1.40829;-1.85227;1.19311
1.40906;-1.84962;1.19311
1.4098;-1.84703;1.19311
1.41051;-1.84448;1.19311
1.4112;-1.84199;1.19311
1.41185;-1.83956;1.19311
1.41249;-1.83718;1.19311
1.41309;-1.83487;1.19311
1.41366;-1.83261;1.19311
1.41421;-1.83042;1.19311
1.41473;-1.8283;1.19311
1.41521;-1.82624;1.19311
1.41567;-1.82425;1.19311
1.4161;-1.82233;1.19311
1.4165;-1.82049;1.19311
1.41687;-1.81872;1.19311
1.41721;-1.81703;1.19311
1.41753;-1.81542;1.19311
1.41781;-1.8139;1.19311
1.41807;-1.81246;1.19311
1.4183;-1.81112;1.19311
1.4185;-1.80987;1.19311
1.41867;-1.80871;1.19311
1.41882;-1.80766;1.19311
1.41895;-1.80672;1.19311
1.41905;-1.80588;1.19311
1.41913;-1.80517;1.19311
1.41919;-1.80457;1.19311
1.41923;-1.80411;1.19311
1.41926;-1.80378;1.19311
1.41927;-1.8036;1.19311
1.41927;-1.80358;1.19311
1.41928;-1.80348;1.19311
1.41928;-1.80322;1.19311
1.41929;-1.80281;1.19311
1.41928;-1.80227;1.19311
1.41926;-1.8016;1.19311
1.41923;-1.8008;1.19311
1.41917;-1.79988;1.19311
1.41909;-1.79885;1.19311
1.41898;-1.7977;1.19311
1.41885;-1.79645;1.19311
1.41868;-1.79509;1.19311
1.41848;-1.79363;1.19311
1.41824;-1.79208;1.19311
1.41797;-1.79043;1.19311
1.41765;-1.78868;1.19311
1.4173;-1.78686;1.19311
1.4169;-1.78494;1.19311
1.41647;-1.78294;1.19311
1.41598;-1.78086;1.19311
1.41546;-1.77871;1.19311
1.41489;-1.77647;1.19311
1.41427;-1.77417;1.19311
1.41361;-1.77179;1.19311
1.41291;-1.76935;1.19311
1.41215;-1.76683;1.19311
1.41135;-1.76426;1.19311
1.41051;-1.76161;1.19311
1.40962;-1.75891;1.19311
1.40868;-1.75615;1.19311
1.4077;-1.75333;1.19311
1.40667;-1.75045;1.19311
1.40559;-1.74752;1.19311
1.40447;-1.74454;1.19311
1.40331;-1.7415;1.19311
1.4021;-1.73842;1.19311
1.40085;-1.73528;1.19311
1.39956;-1.7321;1.19311
1.39822;-1.72887;1.19311
1.39684;-1.7256;1.19311
1.39542;-1.72228;1.19311
1.39396;-1.71892;1.19311
1.39246;-1.71551;1.19311
1.39092;-1.71207;1.19311
1.38935;-1.70858;1.19311
1.38773;-1.70506;1.19311
1.38608;-1.7015;1.19311
1.38439;-1.6979;1.19311
1.38266;-1.69427;1.19311
1.38091;-1.69059;1.19311
1.37911;-1.68689;1.19311
1.37729;-1.68315;1.19311
1.37543;-1.67937;1.19311
1.37354;-1.67557;1.19311
1.37161;-1.67173;1.19311
1.36966;-1.66786;1.19311
1.36768;-1.66396;1.19311
1.36567;-1.66003;1.19311
1.36364;-1.65606;1.19311
1.36157;-1.65207;1.19311
1.35948;-1.64805;1.19311
1.35737;-1.64401;1.19311
1.35523;-1.63993;1.19311
1.35306;-1.63583;1.19311
1.35088;-1.63169;1.19311
1.34867;-1.62754;1.19311
1.34644;-1.62335;1.19311
1.34419;-1.61914;1.19311
1.34192;-1.61491;1.19311
1.33962;-1.61065;1.19311
1.33732;-1.60636;1.19311
1.33499;-1.60205;1.19311
1.33264;-1.59772;1.19311
1.33028;-1.59336;1.19311
1.32791;-1.58897;1.19311
1.32552;-1.58457;1.19311
1.32311;-1.58014;1.19311
1.32069;-1.57569;1.19311
1.31826;-1.57121;1.19311
1.31581;-1.56671;1.19311
1.31336;-1.56219;1.19311
1.31089;-1.55765;1.19311
1.30841;-1.55309;1.19311
1.30592;-1.5485;1.19311
1.30343;-1.54389;1.19311
1.30092;-1.53926;1.19311
1.29841;-1.53461;1.19311
1.29588;-1.52994;1.19311
1.29336;-1.52525;1.19311
1.29082;-1.52054;1.19311
1.28828;-1.5158;1.19311
1.28574;-1.51105;1.19311
1.28319;-1.50627;1.19311
1.28063;-1.50148;1.19311
1.27807;-1.49666;1.19311
1.27551;-1.49183;1.19311
1.27295;-1.48698;1.19311
1.27038;-1.4821;1.19311
1.26782;-1.47721;1.19311
1.26525;-1.4723;1.19311
1.26268;-1.46737;1.19311
1.26011;-1.46242;1.19311
1.25755;-1.45745;1.19311
1.25498;-1.45246;1.19311
1.25241;-1.44745;1.19311
1.24985;-1.44243;1.19311
1.24729;-1.43738;1.19311
1.24473;-1.43232;1.19311
1.24217;-1.42724;1.19311
1.23962;-1.42215;1.19311
1.23707;-1.41703;1.19311
1.23452;-1.4119;1.19311
1.23198;-1.40675;1.19311
1.22945;-1.40158;1.19311
1.22692;-1.3964;1.19311
1.22439;-1.39119;1.19311
1.22188;-1.38598;1.19311
1.21936;-1.38074;1.19311
1.21686;-1.37549;1.19311
1.21436;-1.37022;1.19311
1.21187;-1.36494;1.19311
1.20939;-1.35964;1.19311
1.20692;-1.35432;1.19311
1.20445;-1.34899;1.19311
1.20199;-1.34364;1.19311
1.19955;-1.33828;1.19311
1.19711;-1.3329;1.19311
1.19468;-1.32751;1.19311
1.19226;-1.32211;1.19311
1.18985;-1.31668;1.19311
1.18745;-1.31125;1.19311
1.18506;-1.3058;1.19311
1.18269;-1.30034;1.19311
1.18032;-1.29486;1.19311
1.17797;-1.28937;1.19311
1.17562;-1.28387;1.19311
1.17329;-1.27836;1.19311
1.17098;-1.27283;1.19311
1.16867;-1.26729;1.19311
1.16638;-1.26174;1.19311
1.16409;-1.25618;1.19311
1.16183;-1.25061;1.19311
1.15957;-1.24503;1.19311
1.15733;-1.23943;1.19311
1.1551;-1.23383;1.19311
1.15289;-1.22822;1.19311
1.15069;-1.22259;1.19311
1.1485;-1.21696;1.19311
1.14633;-1.21132;1.19311
1.14417;-1.20568;1.19311
1.14202;-1.20002;1.19311
1.13989;-1.19436;1.19311
1.13778;-1.18869;1.19311
1.13568;-1.18302;1.19311
1.13359;-1.17734;1.19311
1.13152;-1.17165;1.19311
1.12946;-1.16596;1.19311
1.12742;-1.16027;1.19311
1.12539;-1.15457;1.19311
1.12338;-1.14887;1.19311
1.12139;-1.14317;1.19311
1.11941;-1.13747;1.19311
1.11744;-1.13177;1.19311
1.11549;-1.12606;1.19311
1.11356;-1.12036;1.19311
1.11164;-1.11466;1.19311
1.10974;-1.10896;1.19311
1.10785;-1.10326;1.19311
1.10598;-1.09757;1.19311
1.10412;-1.09188;1.19311
1.10228;-1.0862;1.19311
1.10045;-1.08053;1.19311
1.09864;-1.07486;1.19311
1.09685;-1.0692;1.19311
1.09507;-1.06356;1.19311
1.09331;-1.05792;1.19311
1.09156;-1.0523;1.19311
1.08983;-1.04669;1.19311
1.08812;-1.0411;1.19311
1.08642;-1.03552;1.19311
1.08473;-1.02996;1.19311
1.08306;-1.02443;1.19311
1.08141;-1.01892;1.19311
1.07978;-1.01343;1.19311
1.07816;-1.00797;1.19311
1.07655;-1.00254;1.19311
1.07497;-0.997143;1.19311
1.07339;-0.991781;1.19311
1.07184;-0.986458;1.19311
1.0703;-0.981178;1.19311
1.06879;-0.975946;1.19311
1.06729;-0.970765;1.19311
1.06581;-0.965641;1.19311
1.06435;-0.960581;1.19311
1.06291;-0.955593;1.19311
1.06149;-0.950686;1.19311
1.0601;-0.945872;1.19311
1.05874;-0.941164;1.19311
1.05741;-0.936584;1.19311
1.05612;-0.932159;1.19311
1.05488;-0.927932;1.19311
1.05372;-0.923986;1.19311
1.05269;-0.920544;1.19311
1.0525;-0.919902;1.19311
1.0517;-0.917258;1.19311
1.05072;-0.91404;1.19311
1.04966;-0.910567;1.19311
1.04855;-0.906919;1.19311
1.04739;-0.903138;1.19311
1.0462;-0.899248;1.19311
1.04499;-0.895266;1.19311
1.04376;-0.891203;1.19311
1.04251;-0.88707;1.19311
1.04125;-0.882873;1.19311
1.03998;-0.878618;1.19311
1.03869;-0.87431;1.19311
1.0374;-0.869953;1.19311
1.03611;-0.865551;1.19311
1.03481;-0.861106;1.19311
1.03351;-0.856622;1.19311
1.0322;-0.8521;1.19311
1.0309;-0.847543;1.19311
1.0296;-0.842952;1.19311
1.0283;-0.838329;1.19311
1.027;-0.833676;1.19311
1.02571;-0.828993;1.19311
1.02442;-0.824283;1.19311
1.02314;-0.819546;1.19311
1.02186;-0.814784;1.19311
1.02059;-0.809996;1.19311
1.01932;-0.805185;1.19311
1.01807;-0.800352;1.19311
1.01682;-0.795496;1.19311
1.01558;-0.790619;1.19311
1.01435;-0.785721;1.19311
1.01314;-0.780803;1.19311
1.01193;-0.775866;1.19311
1.01073;-0.770911;1.19311
1.00954;-0.765938;1.19311
1.00837;-0.760947;1.19311
1.00721;-0.755939;1.19311
1.00606;-0.750915;1.19311
1.00492;-0.745876;1.19311
1.0038;-0.74082;1.19311
1.00268;-0.735751;1.19311
1.00159;-0.730666;1.19311
1.0005;-0.725568;1.19311
0.999436;-0.720457;1.19311
0.998382;-0.715332;1.19311
0.997344;-0.710195;1.19311
0.99632;-0.705045;1.19311
0.995312;-0.699884;1.19311
0.994319;-0.694712;1.19311
0.993343;-0.689529;1.19311
0.992382;-0.684335;1.19311
0.991438;-0.679131;1.19311
0.99051;-0.673917;1.19311
0.989599;-0.668694;1.19311
0.988705;-0.663462;1.19311
0.987829;-0.658222;1.19311
0.986969;-0.652973;1.19311
0.986127;-0.647716;1.19311
0.985302;-0.642452;1.19311
0.984496;-0.63718;1.19311
0.983707;-0.631902;1.19311
0.982936;-0.626618;1.19311
0.982183;-0.621327;1.19311
0.981449;-0.616031;1.19311
0.980733;-0.610729;1.19311
0.980036;-0.605423;1.19311
0.979357;-0.600111;1.19311
0.978697;-0.594796;1.19311
0.978056;-0.589476;1.19311
0.977434;-0.584153;1.19311
0.976831;-0.578827;1.19311
0.976246;-0.573498;1.19311
0.975681;-0.568167;1.19311
0.975136;-0.562833;1.19311
0.974609;-0.557498;1.19311
0.974102;-0.552161;1.19311
0.973614;-0.546823;1.19311
0.973146;-0.541484;1.19311
0.972697;-0.536145;1.19311
0.972267;-0.530805;1.19311
0.971858;-0.525466;1.19311
0.971467;-0.520128;1.19311
0.971097;-0.514791;1.19311
0.970746;-0.509455;1.19311
0.970414;-0.504121;1.19311
0.970102;-0.498788;1.19311
0.96981;-0.493458;1.19311
0.969537;-0.488131;1.19311
0.969284;-0.482807;1.19311
0.969051;-0.477487;1.19311
0.968837;-0.47217;1.19311
0.968642;-0.466857;1.19311
0.968467;-0.461549;1.19311
0.968312;-0.456245;1.19311
0.968176;-0.450947;1.19311
0.968059;-0.445654;1.19311
0.967962;-0.440368;1.19311
0.967884;-0.435087;1.19311
0.967825;-0.429813;1.19311
0.967786;-0.424546;1.19311
0.967765;-0.419286;1.19311
0.967764;-0.414033;1.19311
0.967782;-0.408789;1.19311
0.967818;-0.403553;1.19311
0.967874;-0.398325;1.19311
0.967948;-0.393106;1.19311
0.96804;-0.387897;1.19311
0.968152;-0.382698;1.19311
0.968281;-0.377508;1.19311
0.96843;-0.372329;1.19311
0.968596;-0.36716;1.19311
0.96878;-0.362003;1.19311
0.968983;-0.356857;1.19311
0.969203;-0.351722;1.19311
0.969441;-0.3466;1.19311
0.969697;-0.34149;1.19311
0.96997;-0.336393;1.19311
0.970261;-0.331309;1.19311
0.970568;-0.326238;1.19311
0.970893;-0.321181;1.19311
0.971235;-0.316138;1.19311
0.971594;-0.31111;1.19311
0.971969;-0.306096;1.19311
0.97236;-0.301098;1.19311
0.972768;-0.296115;1.19311
0.973192;-0.291148;1.19311
0.973632;-0.286198;1.19311
0.974088;-0.281263;1.19311
0.974559;-0.276346;1.19311
0.975045;-0.271446;1.19311
0.975547;-0.266563;1.19311
0.976064;-0.261699;1.19311
0.976595;-0.256853;1.19311
0.977141;-0.252025;1.19311
0.977701;-0.247217;1.19311
0.978276;-0.242427;1.19311
0.978864;-0.237658;1.19311
0.979466;-0.232909;1.19311
0.980081;-0.22818;1.19311
0.98071;-0.223472;1.19311
0.981351;-0.218785;1.19311
0.982005;-0.21412;1.19311
0.982672;-0.209477;1.19311
0.983351;-0.204856;1.19311
0.984041;-0.200258;1.19311
0.984744;-0.195683;1.19311
0.985457;-0.191132;1.19311
0.986182;-0.186605;1.19311
0.986918;-0.182102;1.19311
0.987664;-0.177624;1.19311
0.98842;-0.173171;1.19311
0.989186;-0.168744;1.19311
0.989961;-0.164344;1.19311
0.990746;-0.159969;1.19311
0.99154;-0.155622;1.19311
0.992342;-0.151303;1.19311
0.993152;-0.147011;1.19311
0.99397;-0.142749;1.19311
0.994796;-0.138515;1.19311
0.995629;-0.134311;1.19311
0.996468;-0.130137;1.19311
0.997314;-0.125994;1.19311
0.998166;-0.121883;1.19311
0.999023;-0.117803;1.19311
0.999885;-0.113756;1.19311
1.00075;-0.109743;1.19311
1.00162;-0.105763;1.19311
1.0025;-0.101818;1.19311
1.00338;-0.0979091;1.19311
1.00426;-0.0940362;1.19311
1.00514;-0.0902005;1.19311
1.00602;-0.0864028;1.19311
1.00691;-0.082644;1.19311
1.00779;-0.0789253;1.19311
1.00868;-0.0752475;1.19311
1.00957;-0.0716117;1.19311
1.01045;-0.0680193;1.19311
1.01133;-0.0644714;1.19311
1.01221;-0.0609693;1.19311
1.01309;-0.0575145;1.19311
1.01396;-0.0541085;1.19311
1.01482;-0.050753;1.19311
1.01568;-0.0474498;1.19311
1.01654;-0.0442009;1.19311
1.01738;-0.0410085;1.19311
1.01822;-0.0378748;1.19311
1.01904;-0.0348025;1.19311
1.01986;-0.0317945;1.19311
1.02066;-0.0288541;1.19311
1.02145;-0.0259849;1.19311
1.02222;-0.0231912;1.19311
1.02298;-0.0204775;1.19311
1.02371;-0.0178497;1.19311
1.02442;-0.0153141;1.19311
1.02511;-0.0128787;1.19311
1.02577;-0.0105532;1.19311
1.0264;-0.00834979;1.19311
1.02699;-0.00628442;1.19311
1.02753;-0.00437922;1.19311
1.02802;-0.00266736;1.19311
1.02844;-0.0012062;1.19311
1.02875;-0.000136923;1.19311
